19452
32172
28039
34796
36810
32898
48545
19993
38671
30305
21351
27941
73666
19681
23629
47176
20496
30844
31222
42581
28337
40323
44361
42276
27155
44671
23303
24289
37265
28096
37172
33904
50779
44809
47270
42211
34970
18876
48687
22591
49020
35039
20744
27027
20930
51484
68024
30559
37903
26182
42513
19808
30595
22354
42961
30586
18544
43232
36747
37918
47555
19104
31701
37631
53354
24730
20259
42778
18477
22465
36055
22855
19195
18542
27811
40395
47805
62102
22075
19741
34644
28394
33189
28105
19010
21942
43390
33158
23828
44658
22056
47175
42111
25731
37768
36181
40238
20227
23802
47861
42980
25689
31639
34402
60082
19178
22877
45087
19352
23186
28885
29087
20445
19172
32992
30831
38205
44699
18746
35655
33471
51547
46790
52970
28064
24921
30361
35027
42205
41677
49724
62174
37556
28060
27047
22307
26841
31852
43519
18551
18506
20771
23514
22793
19876
20268
20671
23931
23942
19879
21969
20346
23215
28460
40858
42126
48656
20716
19240
19066
32990
64088
32673
56864
53012
21332
26134
26893
28195
22396
25661
22017
41607
41192
23421
35832
38257
28023
19748
42694
22566
21367
22310
28978
19729
22673
22763
27994
40313
40682
22924
64923
21803
18852
19902
20208
18608
19767
41743
50590
44673
50561