85464
91466
102592
89331
105925
91921
100474
100644
97533
82294
87425
104173
83374
85067
93138
79503
90951
92082
89512
85866
79377
90801
85901
82643
91933
89212
101040
88830
92062
103081
80913
95074
99008
89422
103703
85761
84708
105265
104300
102050
93496
94124
97186
90749
92732
98642
97279
107329
96078
93143
96994
100752
85646
84993
83835
83956
84851
86473
83825
84426
81942
92068
105110
99389
94951
100205
89419
100517
100838
94590
80415
101532
93905
82110
90199
98329
103480
81888
96229
102191
89652
96560
86374
85060
84578
86763
84222
87651
84296
87531
85031
85241
85558
86018
84375
85014
92918
102045
100111
98744
103177
80431
104641
90138
95678
79501
92776
98570
99374
98332
93559
94024
99033
97523
93238
104425
103341
89481
90171
99613
88554
84520
84820
86953
87506
87571
83912
94041
70272
94175
93310
90538
94102
89761
99844
95371
80746
94926
98930
89217
103968
88979
96199
93248
101988
97679
98844
105734
94775
92103
91826
100502
96840
98413
89050
90546
91377
95999
101767
95369
80178
79064
104647
92134
107280
93805
79796
103936
100963
92907
103783
104846
79474
100763
82299
79746
99365
101098
98644
96623
91606
85277
84434
86823
85141
88183
84590
87652
88528
85061
87547
88578
86190
87530
84605
104476
104432
94549
100983
93286
105803
88757
88815
94944
82152
100065
79504
90210
90916
101181
106969
97297
89913
105518
100032
79687
106882
89705
93046
100209
90938
103337
89974
101803
101405
96876
89214
98423
104225
88969
94470
80935
90243
82899
93413
89392
95567
94932
99251
96003
94492
92106
92582
103700
82833
84330
90858
80456
98333
101717
92531
84098
84447
85545
84445
85662
85356
86521
88368
84927
88114
84306
85883
86439
85493
85743
94616
79077
101194
94885
80073
95311
100797
99664
80956
106304
99815
100138
99180
98611
88986
93207
103346
97819
82239
96330
100592
81236
91768
105842
102137
91907
92944
79308
89511
93614
94799
92859
105589
99120
100862
103749
93400
91845
80575
80043
107574
82980
107938
94772
89836
90448
89158
81675
82461
88857
100489
82593
93107
88875
106366
104031
104182
92869
100054
92745
82873
79606
79461
80186
98712
93675
95629
93480
94462
91098
92806
95303
79679
92001
92385
90449
83205
96164
98486
105351
98551
90691
90212
97427
83116
91378
98745
105035
99565
84850
85437
85739
88049
86610
83796
85659
87820
84001
84140
85806
88515
84449
84348
108438
108468
108526
108606
109241
109247
109277
109320
109739
109745
109761
109876
109923
110064
110075
110122
110463
110566
110809
111286
111705
111710
112427
112436
112439
112619
112632
112765
113063
113083
113088
113141
89403
103711
91334
82764
93803
96052
79825
88690
81164
95466
82336
93633
80829
103769
108090
89917
101247
79865
91230
89420
104108
99683
101698
105623
90505
92593
95486
96647
97099
91759
104235
101783
97328
89744
103678
100374
100616
94632
98802
89390
102670
98249
91911
83187
89682
96204
98231
103714
79290
90124
105761
107461
107484
79519
102786
98441
89387
85764
100493
90623
107755
106675
103455
101442
107065
96934
89315
92604
90190
83227
99700
90825
79118
91179
101073
83058
96121
89187
89914
81796
90996
94074
81311
96533
97121
96299
98545
99213
88795
89532
83217
98620
103991
80916
95328
82075
89036
94719
94819
104527
100828
82507
87327
107079
93169
93998
99980
106925
84314
88548
86747
83958
84558
87436
85148
85262
87480
87554
88123
88380
87150
87750
84892
88110
84151
84698
85363
87378
88252
88580
83895
84494
84689
84692
85146
85155
85386
85415
86044
86970
87324
88118
84694
86648
108437
108559
108579
108698
108887
108998
109039
109042
109096
109159
109160
109172
109319
109396
109506
109514
109531
109649
109678
109751
109871
109899
109958
110084
110102
110197
110295
110395
110441
110524
110535
110580
110927
111272
112301
112482
112594
112658
112744
113031
113064